points 41
22 0 0
19 0 1
19 0.866 0.5
19 0.866 -0.25
19 0 -0.5
19 -0.866 -0.25
19 -0.866 0.5
15 -1 1.8
15 1 1.8
11 1.7 1.5
9.8 1 3.2
3.5 1.3 2.7
3.5 2 1.5
11 2 0.5
3.5 3 0.5
11 1.3 -0.5
-19.5 7 0.1
-20 7.5 0.5
3.5 2.2 -0.5
-22 22 0.1
-7.5 7.5 0.5
-31 2 1
-8.5 6.8 -0.5
-18 22.5 0.5
-22.5 22.5 0.5
-18.5 22 0.1
-24 7.3 1.5
-30 7.3 5.5
-32 7.3 4.75
-31 7.5 0.5
-31 7.1 0.5
-26 7.5 0.5
-33 15.5 0.5
-35 15 0.5
-33 7.5 0.5
-26.2 7.3 0.2
-33.2 15.3 0.2
-34.8 14.8 0.2
-32.8 7.7 0.2
-31 0 1
-30.8 7.7 0.2
lines 93
0 1
0 2
0 3
0 4
0 5
0 6
1 2
2 3
3 4
4 5
5 6
6 1
1 7
1 8
7 8
8 9
9 2
8 2
8 10
9 10
10 11
9 11
11 12
9 12
9 13
2 13
3 13
12 14
9 14
13 14
13 15
3 15
19 16
12 21
20 17
14 20
13 18
15 18
14 18
18 22
25 19
17 19
12 20
17 21
14 22
20 21
20 22
19 24
16 17
20 23
23 24
23 17
17 24
22 25
23 25
22 23
23 19
22 19
22 16
17 26
26 27
27 28
28 29
27 29
26 29
17 29
30 26
30 27
30 28
31 32
32 33
33 34
29 34
31 33
16 35
35 31
17 35
32 36
35 36
35 32
36 37
33 37
32 37
34 38
37 38
37 34
30 21
11 39
21 39
21 11
38 40
29 40
34 40
tris 56
0 0 1 2
0 0 2 3
0 0 3 4
0 0 4 5
0 0 5 6
0 0 6 1
0 1 7 8
0 1 8 2
0 2 8 9
2 9 8 10
2 9 10 11
2 9 11 12
0 9 13 2
0 3 2 13
0 9 12 14
0 9 14 13
0 3 13 15
0 12 21 20
0 14 12 20
0 13 18 15
0 14 18 13
0 17 19 24
0 14 20 22
0 14 22 18
0 21 17 20
0 19 23 24
0 19 17 16
0 20 17 23
0 17 24 23
0 22 23 25
0 22 20 23
0 19 25 23
0 25 19 22
0 22 19 16
0 17 26 29
0 26 27 29
0 27 28 29
0 17 30 26
0 30 27 26
0 30 28 27
0 31 33 32
0 33 31 34
0 28 30 29
0 17 35 16
0 17 31 35
0 35 31 32
0 35 32 36
0 32 37 36
0 32 33 37
0 37 33 34
0 37 34 38
0 30 17 21
0 11 39 21
0 11 21 12
0 38 34 40
0 34 29 40
