points 71
22 0 0
19 0 1
19 0.866 0.5
19 0.866 -0.25
19 0 -0.5
19 -0.866 -0.25
19 -0.866 0.5
15 -1 1.8
15 1 1.8
11 1.7 1.5
9.8 0.5 3.2
3.5 0 2.7
3.5 2 1.5
11 2 0.5
3.5 3 0.5
11 1.3 -0.5
-19.5 7 -0.5
-20 7.5 0.5
3.5 2.2 -0.5
-22 22 0.1
-7.5 7.5 0.5
-31 2 0.5
-8.5 6.8 -0.5
-18 22.5 0.5
-22.5 22.5 0.5
-18.5 22 0.1
-24 7.3 1.5
-30 7.3 5.5
-32 7.3 4.75
-31 7.5 0.5
-31 7.1 0.5
-26 7.5 0.5
-33 15.5 0.5
-35 15 0.5
-33 7.5 0.5
-26.2 7.3 -0.5
-33.2 15.3 0.2
-34.8 14.8 0.2
-32.8 7.7 -0.5
-31 0 0.5
-30.5 7.7 -0.5
9.8 -0.5 3.2
3.5 -2 1.5
-31 -2 0.5
11 -1.7 1.5
11 -2 0.5
11 -1.3 -0.5
3.5 -3 0.5
3.5 -2.2 -0.5
-7.5 -7.5 0.5
-20 -7.5 0.5
-31 -7.1 0.5
-8.5 -6.8 -0.5
-18 -22.5 0.5
-22.5 -22.5 0.5
-18.5 -22 0.1
-22 -22 0.1
-19.5 -7 -0.5
-26.2 -7.3 -0.5
-26 -7.5 0.5
-33 -15.5 0.5
-33.2 -15.3 0.2
-35 -15 0.5
-34.8 -14.8 0.2
-33 -7.5 0.5
-32.8 -7.7 -0.5
-31 -7.5 0.5
-30.5 -7.7 -0.5
-24 -7.3 1.5
-30 -7.3 5.5
-32 -7.3 4.75
lines 172
0 1
0 2
0 3
0 4
0 5
0 6
1 2
2 3
3 4
4 5
5 6
6 1
1 7
1 8
7 8
8 9
9 2
8 2
8 10
9 10
10 11
10 12
11 12
9 12
9 13
2 13
3 13
12 14
9 14
13 14
13 15
3 15
19 16
12 21
20 17
14 20
13 18
15 18
14 18
18 22
25 19
17 19
12 20
17 21
14 22
20 21
20 22
19 24
16 17
20 23
23 24
23 17
17 24
22 25
23 25
22 23
23 19
22 19
22 16
17 26
26 27
27 28
28 29
27 29
26 29
17 29
30 26
30 27
30 28
31 32
32 33
33 34
29 34
31 33
16 35
35 31
17 35
32 36
35 36
35 32
36 37
33 37
32 37
34 38
37 38
37 34
30 21
11 39
21 39
21 11
38 40
29 40
34 40
41 7
41 10
41 8
41 42
11 42
41 11
11 43
42 43
43 39
6 7
41 44
42 44
7 44
6 44
45 44
45 6
45 5
45 46
5 46
47 45
42 47
44 47
47 48
46 48
45 48
42 49
47 49
50 49
50 43
49 43
50 51
43 51
49 52
47 52
48 52
49 53
54 53
54 50
53 50
53 55
52 55
52 53
54 56
55 56
53 56
50 57
56 57
56 50
58 50
58 57
58 59
58 60
59 60
61 60
61 58
62 63
60 63
61 63
62 60
62 59
64 65
64 59
64 62
64 63
65 63
67 64
67 65
67 66
50 68
66 68
51 68
69 68
69 66
69 51
69 70
66 70
51 70
52 56
52 57
tris 108
1 0 1 2
1 0 2 3
1 0 3 4
1 0 4 5
1 0 5 6
1 0 6 1
0 1 7 8
0 1 8 2
0 2 8 9
2 9 8 10
2 12 10 11
2 9 10 12
0 9 13 2
0 3 2 13
0 9 12 14
0 9 14 13
0 3 13 15
0 12 21 20
0 14 12 20
0 13 18 15
0 14 18 13
0 17 19 24
0 14 20 22
0 14 22 18
0 21 17 20
0 19 23 24
0 19 17 16
0 20 17 23
0 17 24 23
0 22 23 25
0 22 20 23
0 19 25 23
0 25 19 22
0 22 19 16
1 17 26 29
1 26 27 29
1 27 28 29
1 17 30 26
1 30 27 26
1 30 28 27
0 31 33 32
0 33 31 34
1 28 30 29
0 17 35 16
0 17 31 35
0 35 31 32
0 35 32 36
0 32 37 36
0 32 33 37
0 37 33 34
0 37 34 38
0 30 17 21
0 11 39 21
0 11 21 12
0 38 34 40
0 34 29 40
2 41 8 7
2 41 10 8
2 41 42 11
2 41 11 10
0 43 39 11
0 42 43 11
0 6 7 1
2 42 41 44
2 41 7 44
0 7 6 44
0 44 6 45
0 6 5 45
0 45 5 46
0 42 44 47
0 44 45 47
0 48 45 46
0 48 47 45
0 42 47 49
0 42 49 43
0 49 50 43
0 50 51 43
0 49 47 52
0 47 48 52
0 54 50 53
0 49 53 50
0 49 52 53
0 55 53 52
0 55 56 53
0 54 53 56
0 56 50 54
0 57 50 56
0 58 59 50
0 50 57 58
0 60 59 58
0 60 58 61
0 62 60 63
0 60 61 63
0 59 60 62
0 64 59 62
0 62 63 64
0 65 64 63
0 66 64 67
0 67 64 65
1 68 50 66
1 68 51 50
1 68 66 69
1 68 69 51
1 70 69 66
1 70 51 69
1 70 66 51
0 52 56 55
0 57 56 52
