points 82
0: 22 0 0
1: 19 0 1
2: 19 0.866 0.5
3: 19 0.866 -0.25
4: -8.5 2.2 -0.5
5: 19 -0.866 -0.25
6: 19 -0.866 0.5
7: 15 -1 1.8
8: 15 1 1.8
9: 11 1.7 1.5
10: 9.8 0.5 3.2
11: 3.5 0 2.7
12: 3.5 2 1.5
13: 11 2 0.5
14: 3.5 3 0.5
15: 11 1.3 -0.5
16: -19.5 7.3 -0.5
17: -20 7.5 0.5
18: 3.5 2.2 -0.5
19: -22 22 0.1
20: -7.5 7.5 0.5
21: -31 2 0.5
22: -8.5 7.3 -0.5
23: -18 22.5 0.5
24: -22.5 22.5 0.5
25: -18.5 22 0.1
26: -24 7.3 1.5
27: -30 7.3 5.5
28: -32 7.3 4.75
29: -31 7.5 0.5
30: -31 7.1 0.5
31: -26 7.5 0.5
32: -33 15.5 0.5
33: -35 15 0.5
34: -33 7.5 0.5
35: -26.2 7.3 -0.5
36: -33.2 15.3 0.2
37: -34.8 14.8 0.2
38: -32.8 7.3 -0.5
39: -34 0 0.5
40: -30.5 7.3 -0.5
41: 9.8 -0.5 3.2
42: 3.5 -2 1.5
43: -31 -2 0.5
44: 11 -1.7 1.5
45: 11 -2 0.5
46: 11 -1.3 -0.5
47: 3.5 -3 0.5
48: 3.5 -2.2 -0.5
49: -7.5 -7.5 0.5
50: -20 -7.5 0.5
51: -31 -7.1 0.5
52: -8.5 -7.3 -0.5
53: -18 -22.5 0.5
54: -22.5 -22.5 0.5
55: -18.5 -22 0.1
56: -22 -22 0.1
57: -19.5 -7.3 -0.5
58: -26.2 -7.3 -0.5
59: -26 -7.5 0.5
60: -33 -15.5 0.5
61: -33.2 -15.3 0.2
62: -35 -15 0.5
63: -34.8 -14.8 0.2
64: -33 -7.5 0.5
65: -32.8 -7.3 -0.5
66: -31 -7.5 0.5
67: -30.5 -7.3 -0.5
68: -24 -7.3 1.5
69: -30 -7.3 5.5
70: -32 -7.3 4.75
71: -30.5 -2.2 -0.5
72: -30.5 2.2 -0.5
73: -8.5 -2.2 -0.5
74: -10.5 7.3 -1.5
75: -10.5 2.2 -1.5
76: -30.5 7.3 -1.5
77: -30.5 2.2 -1.5
78: -10.5 -7.3 -1.5
79: -10.5 -2.2 -1.5
80: -30.5 -2.2 -1.5
81: -30.5 -7.3 -1.5
lines 215
0: 0 1
1: 0 2
2: 0 3
3: 3 5
4: 0 5
5: 0 6
6: 1 2
7: 2 3
8: 15 46
9: 5 15
10: 5 6
11: 6 1
12: 1 7
13: 1 8
14: 7 8
15: 8 9
16: 9 2
17: 8 2
18: 8 10
19: 9 10
20: 10 11
21: 10 12
22: 11 12
23: 9 12
24: 9 13
25: 2 13
26: 3 13
27: 12 14
28: 9 14
29: 13 14
30: 13 15
31: 3 15
32: 19 16
33: 12 21
34: 20 17
35: 14 20
36: 13 18
37: 15 18
38: 14 18
39: 18 22
40: 25 19
41: 17 19
42: 12 20
43: 17 21
44: 14 22
45: 20 21
46: 20 22
47: 19 24
48: 16 17
49: 20 23
50: 23 24
51: 23 17
52: 17 24
53: 22 25
54: 23 25
55: 22 23
56: 23 19
57: 22 19
58: 22 16
59: 17 26
60: 26 27
61: 27 28
62: 28 29
63: 27 29
64: 26 29
65: 17 29
66: 30 26
67: 30 27
68: 30 28
69: 31 32
70: 32 33
71: 33 34
72: 29 34
73: 31 33
74: 16 35
75: 35 31
76: 17 35
77: 32 36
78: 35 36
79: 35 32
80: 36 37
81: 33 37
82: 32 37
83: 34 38
84: 37 38
85: 37 34
86: 30 21
87: 11 39
88: 21 39
89: 21 11
90: 38 40
91: 29 40
92: 34 40
93: 41 7
94: 41 10
95: 41 8
96: 41 42
97: 11 42
98: 41 11
99: 11 43
100: 42 43
101: 43 39
102: 6 7
103: 41 44
104: 42 44
105: 7 44
106: 6 44
107: 45 44
108: 45 6
109: 45 5
110: 45 46
111: 5 46
112: 47 45
113: 42 47
114: 44 47
115: 47 48
116: 46 48
117: 45 48
118: 42 49
119: 47 49
120: 50 49
121: 50 43
122: 49 43
123: 50 51
124: 43 51
125: 49 52
126: 47 52
127: 48 52
128: 49 53
129: 54 53
130: 54 50
131: 53 50
132: 53 55
133: 52 55
134: 52 53
135: 54 56
136: 55 56
137: 53 56
138: 50 57
139: 56 57
140: 56 50
141: 58 50
142: 58 57
143: 58 59
144: 58 60
145: 59 60
146: 61 60
147: 61 58
148: 62 63
149: 60 63
150: 61 63
151: 62 60
152: 62 59
153: 64 65
154: 64 59
155: 64 62
156: 64 63
157: 65 63
158: 67 64
159: 67 65
160: 67 66
161: 50 68
162: 66 68
163: 51 68
164: 69 68
165: 69 66
166: 69 51
167: 69 70
168: 66 70
169: 51 70
170: 52 56
171: 52 57
172: 38 35
173: 35 37
174: 58 65
175: 58 63
176: 67 40
177: 67 29
178: 43 71
179: 39 71
180: 21 72
181: 39 72
182: 48 71
183: 18 72
184: 18 48
185: 18 71
186: 15 48
187: 22 4
188: 52 73
189: 74 22
190: 74 4
191: 74 75
192: 4 75
193: 74 76
194: 75 76
195: 74 40
196: 76 40
197: 75 72
198: 72 77
199: 75 77
200: 76 77
201: 40 77
202: 78 79
203: 73 79
204: 78 73
205: 78 52
206: 71 80
207: 80 67
208: 80 81
209: 81 67
210: 78 81
211: 78 67
212: 79 81
213: 79 80
214: 79 71
tris 145
0: 0 79 71 80
1: 0 79 73 71
2: 1 22 74 4
3: 1 74 75 4
4: 0 22 40 74
5: 0 76 74 40
6: 0 76 75 74
7: 0 75 72 4
8: 0 72 75 77
9: 0 75 76 77
10: 1 78 52 73
11: 1 78 73 79
12: 1 71 67 80
13: 1 80 67 81
14: 0 81 67 78
15: 0 67 52 78
16: 0 78 79 81
17: 0 79 80 81
18: 1 40 77 76
19: 1 40 72 77
20: 0 3 15 5
21: 1 0 3 5
22: 1 0 5 6
23: 0 3 2 13
24: 0 3 13 15
25: 0 13 18 15
26: 0 14 18 13
27: 0 14 22 18
28: 0 22 23 25
29: 0 22 20 23
30: 0 22 19 16
31: 0 17 35 16
32: 0 35 31 32
33: 0 35 32 36
34: 0 38 34 40
35: 0 6 5 45
36: 0 45 5 46
37: 0 48 45 46
38: 0 48 47 45
39: 0 47 48 52
40: 0 49 52 53
41: 0 57 50 56
42: 0 58 59 50
43: 0 50 57 58
44: 0 60 58 61
45: 0 65 64 63
46: 0 67 64 65
47: 0 52 56 55
48: 0 57 56 52
49: 0 35 37 38
50: 0 35 36 37
51: 0 58 63 61
52: 0 58 65 63
53: 0 67 40 29
54: 0 67 29 66
55: 0 71 39 43
56: 0 71 72 39
57: 0 71 48 18
58: 0 72 71 18
59: 0 5 15 46
60: 0 18 48 15
61: 0 46 15 48
62: 0 22 4 18
63: 0 52 48 73
64: 1 0 1 2
65: 1 0 2 3
66: 1 0 6 1
67: 0 1 7 8
68: 0 1 8 2
69: 0 2 8 9
70: 0 9 13 2
71: 0 9 12 14
72: 0 9 14 13
73: 0 12 21 20
74: 0 14 12 20
75: 0 17 19 24
76: 0 14 20 22
77: 0 21 17 20
78: 0 19 23 24
79: 0 19 17 16
80: 0 20 17 23
81: 0 17 24 23
82: 0 19 25 23
83: 0 25 19 22
84: 0 31 33 32
85: 0 33 31 34
86: 0 17 31 35
87: 0 32 37 36
88: 0 32 33 37
89: 0 37 33 34
90: 0 37 34 38
91: 0 30 17 21
92: 0 11 39 21
93: 0 11 21 12
94: 0 34 29 40
95: 0 43 39 11
96: 0 42 43 11
97: 0 6 7 1
98: 0 7 6 44
99: 0 44 6 45
100: 0 42 44 47
101: 0 44 45 47
102: 0 42 47 49
103: 0 42 49 43
104: 0 49 50 43
105: 0 50 51 43
106: 0 49 47 52
107: 0 54 50 53
108: 0 49 53 50
109: 0 55 53 52
110: 0 55 56 53
111: 0 54 53 56
112: 0 56 50 54
113: 0 60 59 58
114: 0 62 60 63
115: 0 60 61 63
116: 0 59 60 62
117: 0 64 59 62
118: 0 62 63 64
119: 0 66 64 67
120: 0 21 39 71
121: 0 21 39 72
122: 2 9 8 10
123: 2 12 10 11
124: 2 9 10 12
125: 1 17 26 29
126: 1 26 27 29
127: 1 27 28 29
128: 1 17 30 26
129: 1 30 27 26
130: 1 30 28 27
131: 1 28 30 29
132: 2 41 8 7
133: 2 41 10 8
134: 2 41 42 11
135: 2 41 11 10
136: 2 42 41 44
137: 2 41 7 44
138: 1 68 50 66
139: 1 68 51 50
140: 1 68 66 69
141: 1 68 69 51
142: 1 70 69 66
143: 1 70 51 69
144: 1 70 66 51
